800 7
0 479 0 788 704 640 693
479 0 772 654 697 421 0
0 772 0 981 898 473 415
788 654 981 0 764 432 462
704 697 898 764 0 985 733
640 421 473 432 985 0 63
693 0 415 462 733 63 0
